Kame_Hame_Ha
4
0
LLoArm
0 0 0
0 0 0
1 1 1
RWrist
0 0 0
0 0 0
1 1 1
LUpArm
0 0 0
0 0 0
1 1 1
All
0 0 0
0 0 0
0.005 0.005 0.005
UpBody
0 0 0
0 0 0
1 1 1
RUpLeg
0 0 0
0 0 0
1 1 1
RUpArm
0 0 0
0 0 0
1 1 1
RLoArm
0 0 0
0 0 0
1 1 1
LWrist
0 0 0
0 0 0
1 1 1
Hend
0 0 0
0 0 0
1 1 1
RLoLeg
0 0 0
0 0 0
1 1 1
RAnkle
0 0 0
0 0 0
1 1 1
LLoLeg
0 0 0
0 0 0
1 1 1
LUpLeg
0 0 0
0 0 0
1 1 1
LAnkle
0 0 0
0 0 0
1 1 1
endFrame
0.5
LLoArm
0 0 0
-21.794 0 -54.08
1 1 1
RWrist
0 0 0
0 -0 1.615
1 1 1
LUpArm
0 0 0
-53.274 -1.614 -92.825
1 1 1
UpBody
0 0 0
25.022 -38.744 -17.758
1 1 1
RUpLeg
0 0 0
-31.602 -5.428 -38.147
1 1 1
All
-7.44343 0 0
0 -0 0
0.005 0.005 0.005
RUpArm
0 0 0
-75.874 3.228 53.274
1 1 1
LWrist
0 0 0
0 -0 65.381
1 1 1
RLoArm
0 0 0
0 -4.035 71.031
1 1 1
Hend
0 0 0
0 125 0
1 1 1
RLoLeg
0 0 0
78.296 31.479 28.904
1 1 1
RAnkle
0 0 0
-41.172 -6.344 -8.879
1 1 1
LUpLeg
0 0 0
0 -0 60.804
1 1 1
LLoLeg
0 0 0
0 -0 0
1 1 1
LAnkle
0 0 0
45.2336 -0 0
1 1 1
endFrame
1
LLoArm
0 0 0
-6.436 10.667 -74.121
1 1 1
RWrist
0 0 0
0 -0 2.334
1 1 1
LUpArm
0 0 0
-40.359 15.337 -90.404
1 1 1
UpBody
0 0 0
0 -29.058 -44.394
1 1 1
RUpLeg
0 0 0
0 0 -25.83
1 1 1
All
0 4.933 0
0 0 22.601
0.005 0.005 0.005
RUpArm
0 0 0
-69.55 10.493 46.666
1 1 1
LWrist
0 0 0
0 -0 66.261
1 1 1
RLoArm
0 0 0
0.638568 -1.78315 73.601
1 1 1
Hend
0 0 0
0 79 0
1 1 1
RLoLeg
0 0 0
0 0 0
1 1 1
RAnkle
0 0 0
72.646 0 0
1 1 1
LUpLeg
0 0 0
-98.475 29.866 90.403
1 1 1
LLoLeg
0 0 0
144.484 0 3.229
1 1 1
LAnkle
0 0 0
25.83 0 0
1 1 1
endFrame
1.5
LLoArm
0 0 0
-100.767 -5.445 -37.765
1 1 1
RWrist
0 0 0
0 -0 -47.623
1 1 1
LUpArm
0 0 0
-77.489 -21.793 -116.234
1 1 1
UpBody
0 0 0
20.987 43.588 -15.337
1 1 1
RUpLeg
0 0 0
-11.301 -25.022 -53.274
1 1 1
All
35 0 0
0 38.744 0
0.005 0.005 0.005
RUpArm
0 0 0
-117.04 -5.65 120.269
1 1 1
LWrist
0 0 0
0 -0 65.6453
1 1 1
RLoArm
0 0 0
50.226 -8.199 7.227
1 1 1
Hend
0 0 0
0 0 0
1 1 1
RLoLeg
0 0 0
0 0 0
1 1 1
RAnkle
0 0 0
80.147 3.816 3.391
1 1 1
LUpLeg
0 0 0
-81.525 12.108 28.251
1 1 1
LLoLeg
0 0 0
91.21 0.968 0.796305
1 1 1
LAnkle
0 0 0
-30.01 40.359 8.879
1 1 1
endFrame
4
LLoArm
0 0 0
-97.957 -5.94635 -38.9738
1 1 1
RWrist
0 0 0
0 0 -46.1594
1 1 1
LUpArm
0 0 0
-76.5721 -20.5149 -115.799
1 1 1
UpBody
0 0 0
19.438 41.685 -17.0282
1 1 1
RUpLeg
0 0 0
-11.1357 -24.2271 -52.482
1 1 1
All
35 0.144521 0
0.274713 37.6224 0.806435
0.005 0.005 0.005
RUpArm
0 0 0
-115.539 -6.13439 118.046
1 1 1
LWrist
0 0 0
0 -0 65.6633
1 1 1
RLoArm
0 0 0
48.8298 -8.85186 9.12391
1 1 1
Hend
0 0 0
-0.568095 34.8123 0.931304
1 1 1
RLoLeg
0 0 0
0 -0 0
1 1 1
RAnkle
0 0 0
79.9237 3.71069 3.28449
1 1 1
LUpLeg
0 0 0
-82.2433 12.3335 30.0709
1 1 1
LLoLeg
0 0 0
92.7712 0.97377 0.875638
1 1 1
LAnkle
0 0 0
-28.0845 39.1431 9.30361
1 1 1
endFrame
