puuWin
2
0
LLoArm
0 0 0
34.4894 -73.9283 33.7383
1 1 1
RWrist
0 0 0
-58.9177 -1.1617 62.462
1 1 1
LUpArm
0 0 0
-65.3286 -4.10251 -60.6996
1 1 1
All
0 0 0
17.9347 28.3597 5.4747
0.005 0.005 0.005
UpBody
0 0 0
9.91648 -0 0
1 1 1
RUpLeg
0 0 0
-60.4515 -1.36183 -56.4884
1 1 1
RUpArm
0 0 0
-70.0518 8.08106 22.9857
1 1 1
RLoArm
0 0 0
58.2693 77.1135 -63.1148
1 1 1
LWrist
0 0 0
-71.2721 5.88499 -68.1288
1 1 1
Hend
0 0 0
14.7441 -0 0
1 1 1
RLoLeg
0 0 0
97.4427 4.31845 21.3831
1 1 1
RAnkle
0 0 0
-32.612 -3.84641 2.52505
1 1 1
LLoLeg
0 0 0
84.7901 -0.27415 1.8339
1 1 1
LUpLeg
0 0 0
-62.8574 4.88688 23.175
1 1 1
LAnkle
0 0 0
-27.6174 0 0
1 1 1
endFrame
0.25
LUpArm
0 0 0
-1.30485 15.6169 18.8134
1 1 1
RWrist
0 0 0
-0.00920637 4.96867 -42.9217
1 1 1
LLoArm
0 0 0
-0.386217 -87.3558 -30.1158
1 1 1
All
10.526 0 0
26.5261 25.2001 -0.0516095
0.005 0.005 0.005
RUpLeg
0 0 0
-76.1972 14.1439 -30.2321
1 1 1
UpBody
0 0 0
0 -0 0
1 1 1
RUpArm
0 0 0
7.297 77.9989 9.73
1 1 1
LWrist
0 0 0
0 -41.351 0
1 1 1
RLoArm
0 0 0
-1.65864 45.6233 0.325281
1 1 1
Hend
0 0 0
0 -0 0
1 1 1
RLoLeg
0 0 0
91.8883 -7.15585 0.0512136
1 1 1
RAnkle
0 0 0
-33.7555 -4.81899 7.18756
1 1 1
LUpLeg
0 0 0
-68.8053 8.59582 5.15304
1 1 1
LLoLeg
0 0 0
86.8984 -0 0
1 1 1
LAnkle
0 0 0
-28.7971 0 0
1 1 1
endFrame
0.375
LUpArm
0 0 0
-65.2857 43.4467 -12.8777
1 1 1
RWrist
0 0 0
-0.0296966 5.17718 -43.6359
1 1 1
LLoArm
0 0 0
-1.6159 -69.23 -29.0674
1 1 1
All
20.351 0 0
31.6714 35.9803 -11.2237
0.005 0.005 0.005
RUpLeg
0 0 0
-48.4299 -2.18081 -12.1709
1 1 1
UpBody
0 0 0
-13.2351 0 0
1 1 1
RUpArm
0 0 0
-87.3494 58.9675 70.5838
1 1 1
LWrist
0 0 0
0 -41.351 0
1 1 1
RLoArm
0 0 0
-0.140286 44.4213 0.935833
1 1 1
Hend
0 0 0
-13.9156 0 0
1 1 1
RLoLeg
0 0 0
64.6884 -4.80087 1.19849
1 1 1
RAnkle
0 0 0
-3.14452 -4.57864 3.96293
1 1 1
LUpLeg
0 0 0
-56.2035 -2.06413 5.75874
1 1 1
LLoLeg
0 0 0
72.2366 -0 0
1 1 1
LAnkle
0 0 0
-28.0081 0 0
1 1 1
endFrame
0.5
LLoArm
0 0 0
-1.72315 -59.1788 -29.0647
1 1 1
RWrist
0 0 0
-0.0421855 5.29269 -44.0321
1 1 1
LUpArm
0 0 0
-148.133 39.3502 -41.9427
1 1 1
All
20.702 0 0
33.631 42.2702 -17.621
0.005 0.005 0.005
UpBody
0 0 0
-20.574 0 0
1 1 1
RUpLeg
0 0 0
-35.1477 -14.1734 -5.86979
1 1 1
RUpArm
0 0 0
-113.108 31.622 77.005
1 1 1
RLoArm
0 0 0
0.680691 43.7501 1.24998
1 1 1
LWrist
0 0 0
0 -41.351 0
1 1 1
Hend
0 0 0
-36.54 0 0
1 1 1
RLoLeg
0 0 0
49.6654 -3.34544 1.31954
1 1 1
RAnkle
0 0 0
13.7953 -3.73136 2.3688
1 1 1
LLoLeg
0 0 0
64.1066 -0 0
1 1 1
LUpLeg
0 0 0
-49.1896 -7.9541 5.0795
1 1 1
LAnkle
0 0 0
-27.5706 0 0
1 1 1
endFrame
0.75
LLoArm
0 0 0
35.27 -74.0275 34.998
1 1 1
RWrist
0 0 0
-59.8462 -1.13879 62.5604
1 1 1
LUpArm
0 0 0
-65.2585 -3.96656 -60.6747
1 1 1
All
0 0 0
17.1087 29.9014 4.6988
0.005 0.005 0.005
UpBody
0 0 0
10.4767 -0 0
1 1 1
RUpLeg
0 0 0
-60.5153 -1.49388 -57.4095
1 1 1
RUpArm
0 0 0
-70.5066 8.5607 22.2307
1 1 1
RLoArm
0 0 0
58.4049 77.1748 -63.3386
1 1 1
LWrist
0 0 0
-72.328 6.13799 -68.6333
1 1 1
Hend
0 0 0
14.523 -0 0
1 1 1
RLoLeg
0 0 0
98.0081 4.45061 21.6092
1 1 1
RAnkle
0 0 0
-32.6143 -3.84642 2.52506
1 1 1
LLoLeg
0 0 0
84.9831 -0.297322 1.97637
1 1 1
LUpLeg
0 0 0
-62.7255 4.64224 22.9355
1 1 1
LAnkle
0 0 0
-27.6174 0 0
1 1 1
endFrame
0.9625
LLoArm
0 0 0
-0.470999 -74.4757 -20.8205
1 1 1
RWrist
0 0 0
-18.243 -0.58146 58.1675
1 1 1
LUpArm
0 0 0
-68.3616 -10.0855 -61.634
1 1 1
All
-25.614 0 0
38.2032 -43.5447 21.2734
0.005 0.005 0.005
UpBody
0 0 0
-14.6283 0 0
1 1 1
RUpLeg
0 0 0
-55.8901 2.97181 -15.9613
1 1 1
RUpArm
0 0 0
-56.7832 -17.192 52.7353
1 1 1
RLoArm
0 0 0
51.9751 74.5498 -53.6191
1 1 1
LWrist
0 0 0
-27.5638 -12.3877 -52.4625
1 1 1
Hend
0 0 0
24.4307 -0 0
1 1 1
RLoLeg
0 0 0
73.2828 -3.40884 13.043
1 1 1
RAnkle
0 0 0
-32.5133 -3.84632 2.52464
1 1 1
LLoLeg
0 0 0
76.2963 0.26544 -4.46104
1 1 1
LUpLeg
0 0 0
-67.6875 16.0703 33.3069
1 1 1
LAnkle
0 0 0
-27.6173 0 0
1 1 1
endFrame
1
LLoArm
0 0 0
-2.93 -80.27 -14.595
1 1 1
RWrist
0 0 0
-41.697 3.646 35.641
1 1 1
LUpArm
0 0 0
-74.189 -14.994 -49.865
1 1 1
UpBody
0 0 0
-12.159 0 0
1 1 1
RUpLeg
0 0 0
-55.148 11.799 -15.8083
1 1 1
All
-25.263 0 0
37.703 -58.378 34.054
0.005 0.005 0.005
RUpArm
0 0 0
-63.065 -9.027 58.591
1 1 1
LWrist
0 0 0
-42.316 1.089 -29.356
1 1 1
RLoArm
0 0 0
47.432 72.973 -47.432
1 1 1
Hend
0 0 0
24.3428 -0 0
1 1 1
RLoLeg
0 0 0
73.2488 -3.40528 13.0263
1 1 1
RAnkle
0 0 0
-32.4466 -3.84625 2.52436
1 1 1
LUpLeg
0 0 0
-62.027 22.779 41.351
1 1 1
LLoLeg
0 0 0
70.541 0.0990002 -8.733
1 1 1
LAnkle
0 0 0
-27.6172 0 0
1 1 1
endFrame
1.2
LLoArm
0 0 0
-11.7561 -61.0197 -15.0017
1 1 1
RWrist
0 0 0
43.2404 27.1544 32.5968
1 1 1
LUpArm
0 0 0
-54.7073 -55.756 -53.6957
1 1 1
All
-25.614 -6.14 0
38.2138 -55.89 31.5497
0.005 0.005 0.005
UpBody
0 0 0
-2.08752 0 0
1 1 1
RUpLeg
0 0 0
-55.276 10.3125 -15.8425
1 1 1
RUpArm
0 0 0
-0.363798 -28.6657 13.2908
1 1 1
RLoArm
0 0 0
-24.324 77.9153 35.27
1 1 1
LWrist
0 0 0
-34.0652 -71.5175 -66.4992
1 1 1
Hend
0 0 0
12.1836 -9.62155 -0.40822
1 1 1
RLoLeg
0 0 0
73.2545 -3.40588 13.0291
1 1 1
RAnkle
0 0 0
-32.4578 -3.84626 2.52441
1 1 1
LLoLeg
0 0 0
70.5409 0.154689 -8.01487
1 1 1
LUpLeg
0 0 0
-39.1783 15.4523 40.497
1 1 1
LAnkle
0 0 0
-24.1212 0 0
1 1 1
endFrame
1.25
LLoArm
0 0 0
-13.8305 -54.4189 -16.268
1 1 1
RWrist
0 0 0
0 0 -18.947
1 1 1
LUpArm
0 0 0
-38.8187 -68.8917 -65.1515
1 1 1
UpBody
0 0 0
1.38049 -0 0
1 1 1
RUpLeg
0 0 0
-55.3197 9.80065 -15.8534
1 1 1
All
-25.263 -12.632 0
38.3384 -55.0308 30.7327
0.005 0.005 0.005
RUpArm
0 0 0
50.434 -23.1122 -9.057
1 1 1
LWrist
0 0 0
12.632 0 34.105
1 1 1
RLoArm
0 0 0
-18.316 67.356 39.947
1 1 1
Hend
0 0 0
7.92678 -12.9262 -0.0669258
1 1 1
RLoLeg
0 0 0
73.2565 -3.40608 13.0301
1 1 1
RAnkle
0 0 0
-32.4617 -3.84627 2.52442
1 1 1
LUpLeg
0 0 0
-31.4625 13.0777 39.5285
1 1 1
LLoLeg
0 0 0
70.541 0.173863 -7.76758
1 1 1
LAnkle
0 0 0
-22.9174 0 0
1 1 1
endFrame
1.5
LLoArm
0 0 0
-41.425 -26.775 1.76297
1 1 1
RWrist
0 0 0
21.1116 31.5411 -24.1194
1 1 1
LUpArm
0 0 0
-124.421 -28.741 -118.105
1 1 1
All
-50 0 0
45.474 -67.579 31.579
0.005 0.005 0.005
UpBody
0 0 0
-19.579 0 0
1 1 1
RUpLeg
0 0 0
-20.396 9.84068 -15.8534
1 1 1
RUpArm
0 0 0
-118.105 1.61896 90.9021
1 1 1
RLoArm
0 0 0
19.579 44.022 13.9244
1 1 1
LWrist
0 0 0
-10.4883 -11.9986 -9.24888
1 1 1
Hend
0 0 0
-9.14631 -0.426734 0.0618065
1 1 1
RLoLeg
0 0 0
33.85 -3.40607 13.03
1 1 1
RAnkle
0 0 0
-17.1754 -3.84627 2.52442
1 1 1
LLoLeg
0 0 0
82.053 -10.4133 -7.84758
1 1 1
LUpLeg
0 0 0
-36.046 -1.895 29.684
1 1 1
LAnkle
0 0 0
9.91173 -0 0
1 1 1
endFrame
1.75
LLoArm
0 0 0
-2.92999 -80.27 -14.595
1 1 1
RWrist
0 0 0
-41.697 3.646 35.641
1 1 1
LUpArm
0 0 0
-74.189 -14.994 -49.865
1 1 1
UpBody
0 0 0
-12.159 0 0
1 1 1
RUpLeg
0 0 0
-55.148 11.799 -15.8083
1 1 1
All
-25.263 0 0
37.703 -58.378 34.054
0.005 0.005 0.005
RUpArm
0 0 0
-63.065 -9.027 58.591
1 1 1
LWrist
0 0 0
-42.316 1.089 -29.356
1 1 1
RLoArm
0 0 0
47.432 72.9729 -47.432
1 1 1
Hend
0 0 0
24.3428 -0 0
1 1 1
RLoLeg
0 0 0
73.2488 -3.40528 13.0263
1 1 1
RAnkle
0 0 0
-32.4466 -3.84625 2.52436
1 1 1
LUpLeg
0 0 0
-62.027 22.779 41.351
1 1 1
LLoLeg
0 0 0
70.541 0.0990002 -8.733
1 1 1
LAnkle
0 0 0
-27.6172 0 0
1 1 1
endFrame
2
LLoArm
0 0 0
34.4894 -73.9283 33.7383
1 1 1
RWrist
0 0 0
-58.9177 -1.1617 62.462
1 1 1
LUpArm
0 0 0
-65.3286 -4.10251 -60.6996
1 1 1
All
0 0 0
17.9347 28.3597 5.4747
0.005 0.005 0.005
UpBody
0 0 0
9.91648 -0 0
1 1 1
RUpLeg
0 0 0
-60.4515 -1.36183 -56.4884
1 1 1
RUpArm
0 0 0
-70.0518 8.08106 22.9857
1 1 1
RLoArm
0 0 0
58.2693 77.1135 -63.1148
1 1 1
LWrist
0 0 0
-71.2721 5.88499 -68.1288
1 1 1
Hend
0 0 0
14.7441 -0 0
1 1 1
RLoLeg
0 0 0
97.4427 4.31845 21.3831
1 1 1
RAnkle
0 0 0
-32.612 -3.84641 2.52505
1 1 1
LLoLeg
0 0 0
84.7901 -0.27415 1.8339
1 1 1
LUpLeg
0 0 0
-62.8574 4.88688 23.175
1 1 1
LAnkle
0 0 0
-27.6174 0 0
1 1 1
endFrame
