0
UpBody
10
0.397
1000
0
0.1
5.642
0.946078 0.0927528 0.0927528 1
0 0 0
0 0 0
0.01 0.01 0.01
UpBody
10
0.683
1000
0
0.1
4.687
0.628502 0.0642542 0.936275 1
0 0 0
0 0 0
0.01 0.01 0.01
UpBody
10
0.811
1000
0
0.1
3.94
0.0749712 0.230426 0.955882 1
0 0 0
0 0 0
0.01 0.01 0.01
UpBody
10
0.937
1000
0
0.1
3.194
0.0804738 0.965686 0.93965 1
0 0 0
0 0 0
0.01 0.01 0.01
UpBody
10
1
1000
0
0.1
2.388
0.0606017 0.95098 0.270103 1
0 0 0
0 0 0
0.01 0.01 0.01
UpBody
10
1.203
1000
0
0.1
2
0.97549 0.0382545 0.0382545 1
0 0 0
0 0 0
0.01 0.01 0.01
endTime
1
endTime
1.5
RWrist
10
1
1000
0
0.1
1.075
0.574733 0.0826605 0.843137 1
-29.851 99.701 5.373
9.672 0.537 -34.925
0.01 0.01 0.01
endTime
