4
0
LUpArm
0 0 0
0 0 -80.27
1 1 1
RWrist
0 0 0
0 0 0
1 1 1
LLoArm
0 0 0
0 0 -10.946
1 1 1
All
0 0 0
0 0 0
0.005 0.005 0.005
RUpLeg
0 0 0
0 0 0
1 1 1
UpBody
0 0 0
0 0 0
1 1 1
RUpArm
0 0 0
0 0 80.27
1 1 1
LWrist
0 0 0
0 0 0
1 1 1
RLoArm
0 0 0
0 0 8.514
1 1 1
Hend
0 0 0
0 0 0
1 1 1
RLoLeg
0 0 0
0 0 0
1 1 1
RAnkle
0 0 0
0 0 0
1 1 1
LUpLeg
0 0 0
0 0 0
1 1 1
LLoLeg
0 0 0
0 0 0
1 1 1
LAnkle
0 0 0
0 0 0
1 1 1
endFrame
1
LLoArm
0 0 0
0 -81.4273 0
1 1 1
RWrist
0 0 0
0 -0 0
1 1 1
LUpArm
0 0 0
-59.1488 -13.2277 -82.7164
1 1 1
UpBody
0 0 0
-10.7756 0 0
1 1 1
RUpLeg
0 0 0
-103.276 0 0
1 1 1
All
0 -9.79736 0
24.3678 -0 0
0.005 0.005 0.005
RUpArm
0 0 0
-61.5574 17.1786 82.194
1 1 1
LWrist
0 0 0
0 -0 0
1 1 1
RLoArm
0 0 0
0 83.9823 0
1 1 1
Hend
0 0 0
-12.9457 0 0
1 1 1
RLoLeg
0 0 0
111.894 -0 0
1 1 1
RAnkle
0 0 0
-29.9069 0 0
1 1 1
LUpLeg
0 0 0
-103.874 0 0
1 1 1
LLoLeg
0 0 0
113.052 -0 0
1 1 1
LAnkle
0 0 0
-31.0144 0 0
1 1 1
endFrame
2
LLoArm
0 0 0
1.216 -87.567 1.216
1 1 1
RWrist
0 0 0
0 -0 0
1 1 1
LUpArm
0 0 0
-73.659 -27.021 -81.2747
1 1 1
UpBody
0 0 0
0.868 -0 0
1 1 1
RUpLeg
0 0 0
-119.189 0 0
1 1 1
All
0 -10 0
24.6716 -0 0
0.005 0.005 0.005
RUpArm
0 0 0
-79.054 24.7651 81.1506
1 1 1
LWrist
0 0 0
0 -0 0
1 1 1
RLoArm
0 0 0
3.649 82.703 1.216
1 1 1
Hend
0 0 0
-24.324 -0 0
1 1 1
RLoLeg
0 0 0
127.703 -0 0
1 1 1
RAnkle
0 0 0
-30.2797 0 0
1 1 1
LUpLeg
0 0 0
-120.312 0 0
1 1 1
LLoLeg
0 0 0
128.919 -0 0
1 1 1
LAnkle
0 0 0
-31.401 0 0
1 1 1
endFrame
3
LLoArm
0 0 0
1.216 -89.5515 2.432
1 1 1
RWrist
0 0 0
0 -0 0
1 1 1
LUpArm
0 0 0
-72.6345 -26.7169 -81.5067
1 1 1
UpBody
0 0 0
0.85698 -0 0
1 1 1
RUpLeg
0 0 0
-117.676 0 0
1 1 1
All
0 -9.87305 0
24.3584 -0 0
0.005 0.005 0.005
RUpArm
0 0 0
-77.9707 24.4929 81.3761
1 1 1
LWrist
0 0 0
0 -0 0
1 1 1
RLoArm
0 0 0
5.97146 86.9618 4.53615
1 1 1
Hend
0 0 0
-24.0152 0 0
1 1 1
RLoLeg
0 0 0
126.082 -0 0
1 1 1
RAnkle
0 0 0
-29.8953 0 0
1 1 1
LUpLeg
0 0 0
-118.785 0 0
1 1 1
LLoLeg
0 0 0
127.282 -0 0
1 1 1
LAnkle
0 0 0
-31.0024 0 0
1 1 1
endFrame
4
LUpArm
0 0 0
0 0 -80.27
1 1 1
RWrist
0 0 0
0 0 0
1 1 1
LLoArm
0 0 0
0 0 -10.946
1 1 1
All
0 0 0
0 0 0
0.005 0.005 0.005
RUpLeg
0 0 0
0 0 0
1 1 1
UpBody
0 0 0
0 0 0
1 1 1
RUpArm
0 0 0
0 0 80.27
1 1 1
LWrist
0 0 0
0 0 0
1 1 1
RLoArm
0 0 0
0 0 8.514
1 1 1
Hend
0 0 0
0 0 0
1 1 1
RLoLeg
0 0 0
0 0 0
1 1 1
RAnkle
0 0 0
0 0 0
1 1 1
LUpLeg
0 0 0
0 0 0
1 1 1
LLoLeg
0 0 0
0 0 0
1 1 1
LAnkle
0 0 0
0 0 0
1 1 1
endFrame
