0
LLoArm
0 0 0
0 -25.54 -15.811
1 1 1
RWrist
0 0 0
0 -13.378 0
1 1 1
LUpArm
0 0 0
-13.378 0 -75.405
1 1 1
UpBody
0 0 0
0 0 0
1 1 1
RUpLeg
0 0 0
-35.27 0 0
1 1 1
All
0 0 0
0 0 0
0.005 0.005 0.005
RUpArm
0 0 0
35.27 0 75.405
1 1 1
LWrist
0 0 0
0 18.243 0
1 1 1
RLoArm
0 0 0
-0 24.324 15.811
1 1 1
Hend
0 0 0
0 0 0
1 1 1
RLoLeg
0 0 0
0 0 0
1 1 1
RAnkle
0 0 0
0 0 0
1 1 1
LUpLeg
0 0 0
10.946 0 0
1 1 1
LLoLeg
0 0 0
32.837 0 0
1 1 1
LAnkle
0 0 0
21.892 0 0
1 1 1
endFrame
0.25
LLoArm
0 0 0
2.17399e-07 -10.9471 -15.811
1 1 1
RWrist
0 0 0
0 -5.73417 0
1 1 1
LUpArm
0 0 0
-32.491 -0 -75.405
1 1 1
All
0 -10 0
0 -0 0
0.005 0.005 0.005
UpBody
0 0 0
12.162 -0 0
1 1 1
RUpLeg
0 0 0
-47.956 0 0
1 1 1
RUpArm
0 0 0
38.226 -8.53774e-07 75.405
1 1 1
RLoArm
0 0 0
-3.648 42.048 15.811
1 1 1
LWrist
0 0 0
0 7.81944 0
1 1 1
Hend
0 0 0
0 -0 0
1 1 1
RLoLeg
0 0 0
51.081 -0 0
1 1 1
RAnkle
0 0 0
-6.081 -0 0
1 1 1
LLoLeg
0 0 0
38.919 -0 0
1 1 1
LUpLeg
0 0 0
29.016 -0 0
1 1 1
LAnkle
0 0 0
9.3835 -0 0
1 1 1
endFrame
0.5
LLoArm
0 0 0
0 -22.1412 -15.811
1 1 1
RWrist
0 0 0
0 -31.057 0
1 1 1
LUpArm
0 0 0
6.495 8.53774e-07 -66.892
1 1 1
All
0 0 0
0 -0 0
0.005 0.005 0.005
UpBody
0 0 0
-3.649 -0 0
1 1 1
RUpLeg
0 0 0
-7.819 0 0
1 1 1
RUpArm
0 0 0
27.445 -0 75.405
1 1 1
RLoArm
0 0 0
-8.513 30.405 15.9258
1 1 1
LWrist
0 0 0
0 15.8152 0
1 1 1
Hend
0 0 0
0 -0 0
1 1 1
RLoLeg
0 0 0
11.8973 -0 0
1 1 1
RAnkle
0 0 0
-1.41633 0 0
1 1 1
LLoLeg
0 0 0
88.784 -0 0
1 1 1
LUpLeg
0 0 0
-21.332 -0 0
1 1 1
LAnkle
0 0 0
18.9786 -0 0
1 1 1
endFrame
0.75
LLoArm
0 0 0
0 -22.6079 -15.811
1 1 1
RWrist
0 0 0
0 -11.8421 0
1 1 1
LUpArm
0 0 0
8.322 -8.53774e-07 -75.405
1 1 1
All
0 10 0
0 -0 0
0.005 0.005 0.005
UpBody
0 0 0
2.44368 -0 0
1 1 1
RUpLeg
0 0 0
16.911 0 0
1 1 1
RUpArm
0 0 0
10.323 1.70755e-06 75.405
1 1 1
RLoArm
0 0 0
-0.682185 27.8846 15.9136
1 1 1
LWrist
0 0 0
0 16.1486 0
1 1 1
Hend
0 0 0
0 -0 0
1 1 1
RLoLeg
0 0 0
10.2636 -0 0
1 1 1
RAnkle
0 0 0
-25.546 0 0
1 1 1
LLoLeg
0 0 0
109.459 -0 0
1 1 1
LUpLeg
0 0 0
-55.946 -0 0
1 1 1
LAnkle
0 0 0
-11.027 -0 0
1 1 1
endFrame
1
LLoArm
0 0 0
1.216 -21.121 -15.811
1 1 1
RWrist
0 0 0
8.514 -16.044 0
1 1 1
LUpArm
0 0 0
61.794 -1.33402e-08 -75.405
1 1 1
All
0 0 0
0 -0 0
0.005 0.005 0.005
UpBody
0 0 0
0 -0 0
1 1 1
RUpLeg
0 0 0
27.357 0 0
1 1 1
RUpArm
0 0 0
-30.405 -0 75.405
1 1 1
RLoArm
0 0 0
-1.216 17.451 15.811
1 1 1
LWrist
0 0 0
0 0.318451 0
1 1 1
Hend
0 0 0
0 -0 0
1 1 1
RLoLeg
0 0 0
25.541 -0 0
1 1 1
RAnkle
0 0 0
25.541 -0 0
1 1 1
LLoLeg
0 0 0
13.378 -0 0
1 1 1
LUpLeg
0 0 0
-32.647 -0 0
1 1 1
LAnkle
0 0 0
-19.077 -0 0
1 1 1
endFrame
1.25
LLoArm
0 0 0
1.181 -55.219 -15.8115
1 1 1
RWrist
0 0 0
0 25.43 0.00923299
1 1 1
LUpArm
0 0 0
60.227 -1.70755e-06 -75.405
1 1 1
All
0 -10 0
0 -0 0
0.005 0.005 0.005
UpBody
0 0 0
4.936 -0 0
1 1 1
RUpLeg
0 0 0
37.997 -0 0
1 1 1
RUpArm
0 0 0
-13.401 -8.53774e-07 75.405
1 1 1
RLoArm
0 0 0
-6.066 17.7567 15.8125
1 1 1
LWrist
0 0 0
0 22.674 0
1 1 1
Hend
0 0 0
0 -0 0
1 1 1
RLoLeg
0 0 0
29.189 -0 0
1 1 1
RAnkle
0 0 0
24.0443 -0 0
1 1 1
LLoLeg
0 0 0
79.054 -0 0
1 1 1
LUpLeg
0 0 0
-55.221 -0 0
1 1 1
LAnkle
0 0 0
-18.8412 -0 0
1 1 1
endFrame
1.5
LLoArm
0 0 0
-3.649 -31.882 -15.811
1 1 1
RWrist
0 0 0
0 23.707 0
1 1 1
LUpArm
0 0 0
28.512 0.71843 -70.5723
1 1 1
UpBody
0 0 0
0.774 -0 0
1 1 1
RUpLeg
0 0 0
10.048 0 0
1 1 1
All
0 0 0
0 -0 0
0.005 0.005 0.005
RUpArm
0 0 0
0 -0 75.405
1 1 1
LWrist
0 0 0
0 25.727 0
1 1 1
RLoArm
0 0 0
-6.487 19.459 15.7289
1 1 1
Hend
0 0 0
0 -0 0
1 1 1
RLoLeg
0 0 0
75.405 -0 0
1 1 1
RAnkle
0 0 0
-20.466 0 0
1 1 1
LUpLeg
0 0 0
-25.54 -0 0
1 1 1
LLoLeg
0 0 0
32.838 -0 0
1 1 1
LAnkle
0 0 0
-4.641 -0 0
1 1 1
endFrame
1.75
LLoArm
0 0 0
-12.293 -32.839 -15.7852
1 1 1
RWrist
0 0 0
-2.36359e-06 1.079 -1.207
1 1 1
LUpArm
0 0 0
20.676 -0.00963398 -75.3283
1 1 1
UpBody
0 0 0
-3.649 -0 0
1 1 1
RUpLeg
0 0 0
-47.432 -0 0
1 1 1
All
0 10 0
0 -0 0
0.005 0.005 0.005
RUpArm
0 0 0
-2.432 -2.13443e-06 75.405
1 1 1
LWrist
0 0 0
0 22.7217 0
1 1 1
RLoArm
0 0 0
-3.64 20.676 15.8113
1 1 1
Hend
0 0 0
0 -0 0
1 1 1
RLoLeg
0 0 0
96.081 -0 0
1 1 1
RAnkle
0 0 0
-3.408 -0 0
1 1 1
LUpLeg
0 0 0
14.595 -0 0
1 1 1
LLoLeg
0 0 0
0 -0 0
1 1 1
LAnkle
0 0 0
-18.6193 -0 0
1 1 1
endFrame
2.0
LLoArm
0 0 0
0 -25.54 -15.811
1 1 1
RWrist
0 0 0
0 -13.378 0
1 1 1
LUpArm
0 0 0
-13.378 0 -75.405
1 1 1
UpBody
0 0 0
0 0 0
1 1 1
RUpLeg
0 0 0
-35.27 0 0
1 1 1
All
0 0 0
0 0 0
0.005 0.005 0.005
RUpArm
0 0 0
35.27 0 75.405
1 1 1
LWrist
0 0 0
0 18.243 0
1 1 1
RLoArm
0 0 0
-0 24.324 15.811
1 1 1
Hend
0 0 0
0 0 0
1 1 1
RLoLeg
0 0 0
0 0 0
1 1 1
RAnkle
0 0 0
0 0 0
1 1 1
LUpLeg
0 0 0
10.946 0 0
1 1 1
LLoLeg
0 0 0
32.837 0 0
1 1 1
LAnkle
0 0 0
21.892 0 0
1 1 1
endFrame
